5,
6	,
7	,
30	,
31	,
45	,
46	,
90	,
91	,
115	,
116	,
120	,
121	,
135	,
150	,
155	,
160	,
180	,
181	,
185	,
186	,
215	,
216	,
270	,
271	,
280	,
281	,
285	,
286	,
310	,
311	,
355	,
370	,
372	,
375	,
380	,
381	,
395	,
405	,
410	,
415	,
460	,
465	,
470	,
480	,
485	,
515	,
530	,
535	,
540	,
545	,
590	,
650	,
655	,
735	,
740	,
742	,
745	,
760	,
765	,
770	,
845	,
850	,
851	,
855	,
865	,
866	,
900	,
905	,
907	,
910	,
911	,
912	,
965	,
970	,
980	,
1950	,
2000	,
2001	,
2002	,
2005	,
2006	,
2007	,
2010	,
2011	,
2012	,
2015	,
2016	,
2017	,
2020	,
2021	,
2022	,
2025	,
2026	,
2027	,
2030	,
2031	,
2032	,
2035	,
2036	,
2037	,
2080	,
2085	,
2090	,
2095	,
2100	,
2105	,
2110	,
2115	,
2120	,
2630	,
2670	,
2690	,
2705	,
2765	,
3120	,
3180	,
3300	,
3350	,
3355	,
3365	,
3395	,
3400	,
3405	,
3410	,
3420	,
3425	,
3430	,
3435	,
3455	,
3470	,
3471	,
3505	,
3510	,
3515	,
3580	,
3910	,
4095	,
4100	,
4105	,
4106	,
7000	,
7002	,
7005	,
7006	,
7007	,
7010	,
7012	,
7020	,
7022	,
7025	,
7040	,
7050	,
7052	,
7055	,
7065	,
7095	,
7115	,
7116	,
7120	,
7130	,
7135	,
7140	,
7145	,
7150	,
7151	,
7160	,
7165	,
7170	,
7185	,
7190	,
7200	,
7210	,
7215	,
7260	,
7270	,
7275	,
7345	,
7350	,
7395	,
7405	,
7410	,
7420	,
7460	,
7465	,
7470	,
7475	,
7505	,
7507	,
7520	,
7580	,
7585	,
7590	,
7600	,
7630	,
7640	,
7650	,
7670	,
7700	,
7705	,
7710	,
7750	,
7755	,
7757	,
7765	,
7767	,
7775	,
7795	,
7825	,
7830	,
7832	,
7840	,
7842	,
7850	,
7851	,
7855	,
7857	,
7870	,
7871	,
7880	,
7881	,
7882	,
7905	,
7910	,
7995	,
7996	,
8000	,
8005	,
8110	,
8250	,
8255	,
8270	,
8275	,
8290	,
8295	,
8420	,
8890	,
8945	,
8947	,
9930	,
9945	,
9980	,
9990	,
10020	,
10055	,
10100	,
10103	,
10110	,
10111	,
10120	,
10122	,
10124	,
10125	,
10126	,
10130	,
10140	,
10145	,
10146	,
10147	,
10150	,
10153	,
10154	,
10155	,
10160	,
10163	,
10165	,
10170	,
10175	,
10179	,
10187	,
10192	,
10193	,
10195	,
10200	,
10203	,
10204	,
10205	,
10210	,
10213	,
10214	,
10216	,
10220	,
10225	,
10229	,
10230	,
10265	,
10266	,
10282	,
10290	,
10291	,
10295	,
10296	,
10300	,
10301	,
10305	,
10306	,
10310	,
10311	,
10312	,
10315	,
10316	,
10317	,
10320	,
10325	,
10330	,
10335	,
10340	,
10345	,
10346	,
10347	,
10350	,
10352	,
10355	,
10360	,
10361	,
10362	,
10365	,
10366	,
10367	,
10370	,
10372	,
10375	,
10376	,
10397	,
10410	,
10420	,
10421	,
10422	,
10430	,
10452	,
10453	,
10454	,
10455	,
10456	,
10481	,
10484	,
10485	,
10486	,
10487	,
10488	,
10490	,
10493	,
10496	,
10498	,
10500	,
10501	,
10503	,
10505	,
10508	,
10514	,
10515	,
10518	,
10522	,
10523	,
10524	,
10527	,
10599	,
10623	,
10630	,
10650	,
10970	,
10980	,
10990	,
11000	,
11005	,
11010	,
11011	,
11065	,
11080	,
11081	,
11085	,
11091	,
11095	,
11096	,
11097	,
11100	,
11185	,
11195	,
11210	,
11220	,
11241	,
11245	,
11251	,
11262	,
11264	,
11267	,
11282	,
11316	,
11318	,
11321	,
11323	,
11326	,
11328	,
11331	,
11333	,
11334	,
11336	,
11341	,
11370	,
11381	,
11383	,
11393	,
11396	,
11406	,
11407	,
11408	,
11409	,
11460	,
11465	,
11466	,
11481	,
11500	,
11505	,
11510	,
11515	,
11521	,
11525	,
11526	,
11530	,
11531	,
11535	,
11547	,
11561	,
11562	,
11605	,
11611	,
11612	,
11615	,
11617	,
11618	,
11620	,
11622	,
11624	,
11625	,
11626	,
11629	,
11630	,
11632	,
11633	,
11634	,
11635	,
11636	,
11638	,
11645	,
11647	,
11655	,
11665	,
11675	,
11685	,
11695	,
11696	,
11705	,
11720	,
11725	,
11735	,
11740	,
11755	,
11810	,
11815	,
11825	,
11826	,
11830	,
11845	,
11846	,
11848	,
11855	,
11865	,
11867	,
11870	,
11871	,
11875	,
11876	,
11880	,
11881	,
11883	,
11888	,
11889	,
11890	,
11893	,
11894	,
11895	,
11898	,
11900	,
11902	,
11905	,
11910	,
11911	,
11916	,
11917	,
11927	,
11935	,
11938	,
11939	,
11941	,
11972	,
12062	,
12075	,
12076	,
12079	,
12100	,
12131	,
12150	,
12175	,
12176	,
12180	,
12181	,
12182	,
12184	,
12188	,
12189	,
12190	,
12195	,
12196	,
12198	,
12203	,
12211	,
12215	,
12216	,
12217	,
12218	,
12221	,
12230	,
12255	,
12260	,
12265	,
12266	,
12276	,
12280	,
12285	,
12286	,
12301	,
12360	,
12361	,
12368	,
12370	,
12371	,
12378	,
12379	,
12380	,
12384	,
12385	,
12386	,
12388	,
12389	,
12392	,
12395	,
12396	,
12400	,
12401	,
12405	,
12410	,
12411	,
12412	,
12413	,
12414	,
12415	,
12418	,
12419	,
12420	,
12421	,
12422	,
12425	,
12426	,
12429	,
12430	,
12431	,
12432	,
12435	,
12436	,
12439	,
12440	,
12445	,
12455	,
12459	,
12460	,
12464	,
12466	,
12471	,
12473	,
12475	,
12476	,
12481	,
12482	,
12483	,
12484	,
12485	,
12486	,
12487	,
12488	,
12489	,
12497	,
12498	,
12499	,
12500	,
12501	,
12502	,
12503	,
12504	,
12505	,
12508	,
12510	,
12511	,
12518	,
12520	,
12530	,
12532	,
12533	,
12535	,
12538	,
12539	,
12540	,
12541	,
12543	,
12544	,
12550	,
12575	,
12576	,
12621	,
12660	,
12661	,
12662	,
12663	,
12664	,
12665	,
12666	,
12668	,
12675	,
12676	,
12677	,
12678	,
12679	,
12683	,
12684	,
12685	,
12689	,
12690	,
12691	,
12695	,
12703	,
12704	,
12705	,
12706	,
12710	,
12711	,
12712	,
12715	,
12716	,
12718	,
12719	,
12720	,
12722	,
12723	,
12724	,
12725	,
12732	,
12738	,
12739	,
12744	,
12748	,
12763	,
12775	,
12777	,
12778	,
12868	,
12869	,
12870	,
12871	,
12877	,
12878	,
12897	,
12909	,
12910	,
12942	,
12954	,
12955	,
12988	,
12995	,
12996	,
12997	,
12999	,
13000	,
13005	,
13007	,
13010	,
13061	,
13062	,
13087	,
13124	,
13127	,
13130	,
13131	,
13132	,
13138	,
13140	,
13146	,
13200	,
13205	,
13207	,
13211	,
13218	,
13250	,
13251	,
13252	,
13254	,
13258	,
13264	,
13267	,
13269	,
13273	,
13291	,
13292	,
13305	,
13320	,
13323	,
13325	,
13326	,
13352	,
13353	,
13354	,
13355	,
13357	,
13358	,
13360	,
13361	,
13362	,
13376	,
13385	,
13386	,
13387	,
13410	,
13411	,
13415	,
13416	,
13431	,
13432	,
13433	,
13435	,
13440	,
13455	,
13460	,
13465	,
13466	,
13470	,
13474	,
13483	,
13484	,
13487	,
13501	,
13502	,
13510	,
13511	,
13515	,
13520	,
13523	,
13524	,
13526	,
13527	,
13528	,
13533	,
13534	,
13536	,
13537	,
13538	,
13539	,
13540	,
13541	,
13542	,
13543	,
13544	,
13545	,
13546	,
13547	,
13553	,
13558	,
13563	,
13564	,
13567	,
13569	,
13573	,
13576	,
13577	,
13578	,
13586	,
13600	,
13601	,
13602	,
13606	,
13611	,
13613	,
13614	,
13625	,
13630	,
13635	,
13640	,
13645	,
13650	,
13655	,
13660	,
13665	,
13670	,
13675	,
13725	,
13730	,
13735	,
13740	,
13770	,
13775	,
13780	,
13785	,
13790	,
13791	,
13793	,
13795	,
13796	,
13799	,
13800	,
13802	,
13805	,
13810	,
13815	,
13820	,
13831	,
13835	,
13860	,
13861	,
13862	,
13865	,
13870	,
13872	,
13875	,
13935	,
13936	,
13937	,
13940	,
13955	,
13970	,
13985	,
13986	,
13987	,
13988	,
13989	,
13990	,
13997	,
14000	,
14001	,
14015	,
14016	,
14055	,
14060	,
14061	,
14065	,
14066	,
14080	,
14081	,
14105	,
14125	,
14126	,
14130	,
14131	,
14145	,
14190	,
14195	,
14196	,
14210	,
14211	,
14255	,
14256	,
14260	,
14261	,
14275	,
14276	,
14320	,
14321	,
14325	,
14326	,
14340	,
14341	,
14345	,
14365	,
14380	,
14382	,
14385	,
14386	,
14387	,
14395	,
14398	,
14405	,
14406	,
14410	,
14413	,
14415	,
14425	,
14440	,
14443	,
14455	,
14458	,
14470	,
14472	,
14473	,
14480	,
14485	,
14490	,
14492	,
14495	,
14500	,
14505	,
14507	,
14515	,
14516	,
14520	,
14535	,
14536	,
14537	,
14545	,
14546	,
14550	,
14565	,
14567	,
14570	,
14575	,
14576	,
14580	,
14585	,
14590	,
14595	,
14596	,
14600	,
14605	,
14610	,
14615	,
14620	,
14625	,
14635	,
14640	,
14645	,
14695	,
14696	,
14700	,
14705	,
14706	,
14707	,
14725	,
14730	,
14735	,
14737	,
14765	,
14767	,
14770	,
14772	,
14780	,
14781	,
14782	,
14785	,
14788	,
14790	,
14792	,
14795	,
14796	,
14800	,
14801	,
14810	,
14811	,
14812	,
14815	,
14816	,
14817	,
14820	,
14830	,
14831	,
14835	,
14885	,
15030	,
15070	,
15071	,
15072	,
15075	,
15080	,
15101	,
15102	,
15103	,
15105	,
15110	,
15111	,
15112	,
15115	,
15116	,
15130	,
15131	,
15132	,
15135	,
15136	,
15140	,
15141	,
15142	,
15145	,
15146	,
15147	,
15150	,
15151	,
15152	,
15155	,
15156	,
15157	,
15160	,
15161	,
15166	,
15175	,
15176	,
15180	,
15181	,
15190	,
15191	,
15196	,
15210	,
15211	,
15241	,
15245	,
15246	,
15247	,
15250	,
15251	,
15265	,
15266	,
15267	,
15276	,
15295	,
15296	,
15297	,
15300	,
15301	,
15305	,
15306	,
15307	,
15310	,
15311	,
15312	,
15315	,
15316	,
15317	,
15320	,
15321	,
15322	,
15325	,
15326	,
15331	,
15340	,
15341	,
15345	,
15346	,
15355	,
15356	,
15361	,
15375	,
15376	,
15406	,
15410	,
15411	,
15412	,
15415	,
15416	,
15430	,
15431	,
15432	,
15441	,
15465	,
15470	,
15485	,
15508	,
15510	,
15511	,
15512	,
15521	,
15523	,
15536	,
15537	,
15540	,
15545	,
15546	,
15550	,
15551	,
15555	,
15558	,
15667	,
15715	,
15716	,
15717	,
15725	,
15726	,
15727	,
15730	,
15731	,
15736	,
15737	,
15740	,
15741	,
15747	,
15781	,
15782	,
15785	,
15786	,
15791	,
15792	,
15795	,
15796	,
15812	,
15852	,
15858	,
15860	,
15861	,
15862	,
15865	,
15866	,
15867	,
15870	,
15872	,
15875	,
15889	,
15897	,
15910	,
15911	,
15916	,
15920	,
15921	,
15922	,
15925	,
15926	,
15928	,
15930	,
15931	,
15932	,
15935	,
15940	,
15941	,
15946	,
15950	,
15951	,
15952	,
15974	,
15985	,
15994	,
15996	,
15997	,
16003	,
16010	,
16011	,
16077	,
16085	,
16086	,
16095	,
16100	,
16101	,
16102	,
16111	,
16113	,
16114	,
16116	,
16118	,
16124	,
16132	,
16133	,
16151	,
16174	,
16178	,
16225	,
16230	,
16231	,
16240	,
16241	,
16242	,
16245	,
16246	,
16247	,
16250	,
16251	,
16252	,
16255	,
16256	,
16257	,
16260	,
16261	,
16262	,
16263	,
16264	,
16265	,
16266	,
16267	,
16268	,
16269	,
16270	,
16271	,
16272	,
16273	,
16274	,
16277	,
16278	,
16281	,
16282	,
16283	,
16285	,
16289	,
16295	,
16300	,
16304	,
16310	,
16315	,
16325	,
16330	,
16340	,
16404	,
16500	,
16537	,
16538	,
16539	,
16540	,
16541	,
16545	,
16546	,
16551	,
16552	,
16553	,
16555	,
16557	,
16558	,
16559	,
16560	,
16562	,
16564	,
16565	,
16570	,
16572	,
16574	,
16575	,
16577	,
16578	,
16579	,
16580	,
16581	,
16582	,
16583	,
16584	,
16615	,
16616	,
16620	,
16621	,
16635	,
16636	,
16660	,
16664	,
16675	,
16679	,
16689	,
16722	,
16728	,
16729	,
16735	,
16736	,
16737	,
16739	,
16740	,
16742	,
16745	,
16746	,
16749	,
16752	,
16755	,
16756	,
16760	,
16761	,
16762	,
16763	,
16764	,
16765	,
16767	,
16770	,
16771	,
16774	,
16796	,
16811	,
16812	,
16816	,
16818	,
16819	,
16822	,
16833	,
16859	,
16868	,
16870	,
16871	,
16872	,
16873	,
16874	,
16875	,
16880	,
16882	,
16885	,
16887	,
16888	,
16890	,
16892	,
16893	,
16895	,
16896	,
16897	,
16898	,
16932	,
16960	,
16961	,
16962	,
16963	,
16964	,
16966	,
16967	,
16968	,
17015	,
17016	,
17017	,
17020	,
17022	,
17025	,
17030	,
17032	,
17036	,
17050	,
17055	,
17060	,
17062	,
17090	,
17100	,
17101	,
17130	,
17131	,
17135	,
17138	,
17140	,
17142	,
17143	,
17165	,
17166	,
17167	,
17168	,
17169	,
17170	,
17175	,
17176	,
17177	,
17178	,
17179	,
17182	,
17183	,
17184	,
17187	,
17191	,
17193	,
17195	,
17201	,
17202	,
17203	,
17204	,
17208	,
17210	,
17212	,
17215	,
17222	,
17223	,
17230	,
17231	,
17235	,
17236	,
17237	,
17250	,
17251	,
17254	,
17286	,
17315	,
17316	,
17317	,
17318	,
17320	,
17325	,
17326	,
17328	,
17331	,
17332	,
17333	,
17334	,
17335	,
17337	,
17342	,
17343	,
17345	,
17346	,
17347	,
17348	,
17349	,
17351	,
17352	,
17353	,
17356	,
17357	,
17361	,
17362	,
17370	,
17385	,
17390	,
17391	,
17445	,
17447	,
17501	,
17530	,
17531	,
17545	,
17549	,
17555	,
17570	,
17601	,
17610	,
17611	,
17613	,
17614	,
17615	,
17616	,
17617	,
17618	,
17620	,
17626	,
17627	,
17628	,
17629	,
17633	,
17636	,
17637	,
17641	,
17642	,
17643	,
17644	,
17646	,
17647	,
17648	,
17650	,
17651	,
17652	,
17653	,
17655	,
17657	,
17659	,
17665	,
17667	,
17668	,
17669	,
17672	,
17673	,
17675	,
17676	,
17677	,
17678	,
17680	,
17681	,
17682	,
17684	,
17685	,
17686	,
17687	,
17688	,
17689	,
17690	,
17691	,
17693	,
17694	,
17695	,
17699	,
17700	,
17702	,
17703	,
17723	,
17828	,
17891	,
17892	,
17937	,
17942	,
17966	,
17978	,
17979	,
17982	,
18015	,
18025	,
18045	,
18247	,
18250	,
18254	,
18269	,
18274	,
18279	,
18283	,
18284	,
18288	,
18312	,
18329	,
18331	,
18332	,
18333	,
18337	,
18348	,
18350	,
18351	,
18352	,
18360	,
18370	,
18371	,
18373	,
18374	,
18375	,
18378	,
18379	,
18380	,
18381	,
18382	,
18383	,
18384	,
18388	,
18390	,
18391	,
18392	,
18399	,
18402	,
18404	,
18409	,
18414	,
18517	,
18693	,
18694	,
18735	,
18736	,
18737	,
18738	,
18739	,
18772	,
18777	,
18782	,
18785	,
18786	,
18787	,
18788	,
18810	,
18835	,
18840	,
18845	,
18846	,
18847	,
18848	,
18849	,
18850	,
18851	,
18852	,
18860	,
18864	,
18865	,
18866	,
18875	,
18878	,
18879	,
18884	,
18885	,
18897	,
18898	,
18899	,
18907	,
18914	,
18915	,
18928	,
18929	,
18941	,
18945	,
18946	,
18947	,
18962	,
18970	,
18971	,
18972	,
19090	,
19091	,
19095	,
19096	,
19134	,
19135	,
19136	,
19138	,
19139	,
19140	,
19141	,
19143	,
19144	,
19153	,
19235	,
19236	,
19237	,
19240	,
19241	,
19242	,
19245	,
19246	,
19247	,
19250	,
19251	,
19252	,
19255	,
19256	,
19260	,
19261	,
19262	,
19264	,
19290	,
19291	,
19399	,
19408	,
19409	,
19429	,
19434	,
19438	,
19439	,
19448	,
19453	,
19471	,
19478	,
19499	,
19503	,
19504	,
19541	,
19542	,
19552	,
19556	,
19560	,
19574	,
19576	,
19580	,
19683	,
19749	,
19754	,
19768	,
19799	,
19803	,
19836	,
19870	,
19871	,
19872	,
19873	,
19922	,
19927	,
19999	,
20010	,
20012	,
20013	,
20014	,
20015	,
20016	,
20017	,
20018	,
20019	,
20020	,
20021	,
20022	,
20023	,
20024	,
20025	,
20029	,
20030	,
20033	,
20034	,
20035	,
20037	,
20039	,
20040	,
20041	,
20044	,
20045	,
20049	,
20050	,
20055	,
20058	,
20060	,
20063	,
20065	,
20068	,
20070	,
20071	,
20072	,
20073	,
20074	,
20075	,
20076	,
20077	,
20078	,
20079	,
20080	,
20081	,
20082	,
20083	,
20084	,
20085	,
20086	,
20087	,
20088	,
20089	,
20090	,
20091	,
20092	,
20093	,
20094	,
20095	,
20096	,
20097	,
20098	,
20099	,
20100	,
20101	,
20102	,
20103	,
20105	,
20106	,
20107	,
20108	,
20110	,
20111	,
20112	,
20113	,
20115	,
20116	,
20117	,
20118	,
20119	,
20120	,
20121	,
20122	,
20123	,
20124	,
20125	,
20126	,
20128	,
20129	,
20130	,
20131	,
20132	,
20133	,
20134	,
20135	,
20136	,
20138	,
20139	,
20140	,
20141	,
20142	,
20143	,
20144	,
20145	,
20146	,
20147	,
20148	,
20149	,
20150	,
20151	,
20153	,
20154	,
20155	,
20156	,
20158	,
20159	,
20160	,
20161	,
20162	,
20163	,
20164	,
20165	,
20166	,
20167	,
20168	,
20169	,
20170	,
20171	,
20172	,
20173	,
20174	,
20175	,
20176	,
20177	,
20178	,
20179	,
20180	,
20181	,
20182	,
20183	,
20184	,
20185	,
20188	,
20189	,
20194	,
20199	,
20200	,
20201	,
20203	,
20204	,
20205	,
20206	,
20207	,
20208	,
20209	,
20210	,
20211	,
20212	,
20213	,
20214	,
20215	,
20216	,
20219	,
20220	,
20224	,
20225	,
20229	,
20230	,
20234	,
20235	,
20236	,
20237	,
20238	,
20239	,
20240	,
20241	,
20245	,
20250	,
20255	,
20256	,
20257	,
20258	,
20259	,
20260	,
20261	,
20262	,
20265	,
20270	,
20275	,
20276	,
20280	,
20281	,
20282	,
20283	,
20284	,
20285	,
20286	,
20287	,
20288	,
20290	,
20291	,
20292	,
20293	,
20294	,
20295	,
20296	,
20297	,
20300	,
20305	,
20306	,
20307	,
20310	,
20311	,
20312	,
20313	,
20314	,
20315	,
20316	,
20317	,
20318	,
20319	,
20320	,
20325	,
20330	,
20331	,
20335	,
20340	,
20345	,
20348	,
20349	,
20350	,
20351	,
20352	,
20353	,
20355	,
20356	,
20357	,
20358	,
20359	,
20360	,
20361	,
20362	,
20363	,
20364	,
20365	,
20366	,
20367	,
20368	,
20369	,
20370	,
20371	,
20375	,
20376	,
20377	,
20378	,
20379	,
20380	,
20381	,
20382	,
20383	,
20384	,
20385	,
20386	,
20387	,
20388	,
20389	,
20390	,
20391	,
20392	,
20393	,
20395	,
20400	,
20401	,
20402	,
20403	,
20405	,
20406	,
20407	,
20410	,
20411	,
20412	,
20413	,
20414	,
20415	,
20416	,
20417	,
20418	,
20420	,
20421	,
20422	,
20425	,
20426	,
20427	,
20430	,
20431	,
20432	,
20435	,
20436	,
20437	,
20440	,
20441	,
20442	,
20443	,
20444	,
20445	,
20446	,
20447	,
20448	,
20449	,
20450	,
20451	,
20453	,
20454	,
20455	,
20456	,
20457	,
20458	,
20459	,
20460	,
20461	,
20462	,
20463	,
20464	,
20465	,
20466	,
20467	,
20468	,
20469	,
20470	,
20471	,
20475	,
20476	,
20477	,
20480	,
20485	,
20490	,
20495	,
20500	,
20501	,
20505	,
20506	,
20507	,
20510	,
20511	,
20512	,
20515	,
20530	,
20531	,
20532	,
20535	,
20536	,
20537	,
20540	,
20556	,
20558	,
20560	,
20561	,
20562	,
20564	,
20565	,
20566	,
20571	,
20573	,
20620	,
20621	,
20632	,
20645	,
20650	,
20655	,
20665	,
20670	,
20675	,
20680	,
20700	,
20701	,
20705	,
20707	,
20708	,
20710	,
20715	,
20720	,
20726	,
20731	,
20736	,
20741	,
20745	,
20773	,
20795	,
20797	,
20800	,
20805	,
20808	,
20810	,
20815	,
20820	,
20825	,
20830	,
20831	,
20832	,
20835	,
20836	,
20837	,
20840	,
20841	,
20842	,
20845	,
20846	,
20847	,
20850	,
20851	,
20852	,
20855	,
20856	,
20857	,
20860	,
20861	,
20863	,
20887	,
20890	,
20891	,
20892	,
20895	,
20900	,
20901	,
20902	,
20905	,
20910	,
20915	,
20920	,
20925	,
20941	,
20946	,
20950	,
20951	,
20955	,
20960	,
20970	,
20975	,
20980	,
20990	,
20993	,
20994	,
20995	,
20996	,
20997	,
20999	,
21030	,
21031	,
21045	,
21046	,
21090	,
21091	,
21100	,
21101	,
21115	,
21116	,
21155	,
21160	,
21161	,
21165	,
21166	,
21180	,
21181	,
21205	,
21225	,
21226	,
21230	,
21231	,
21245	,
21290	,
21295	,
21296	,
21310	,
21311	,
21355	,
21356	,
21360	,
21361	,
21375	,
21376	,
21420	,
21421	,
21425	,
21426	,
21440	,
21441	,
21445	,
21465	,
21480	,
21482	,
21485	,
21486	,
21487	,
21490	,
21493	,
21495	,
21498	,
21500	,
21505	,
21508	,
21510	,
21513	,
21515	,
21517	,
21518	,
21530	,
21535	,
21540	,
21542	,
21545	,
21550	,
21555	,
21557	,
21560	,
21563	,
21565	,
21566	,
21570	,
21575	,
21576	,
21580	,
21585	,
21590	,
21595	,
21596	,
21600	,
21605	,
21610	,
21615	,
21620	,
21625	,
21630	,
21631	,
21632	,
21635	,
21636	,
21640	,
21641	,
21650	,
21653	,
21660	,
21662	,
21665	,
21666	,
21670	,
21675	,
21676	,
21680	,
21690	,
21695	,
21710	,
21715	,
21716	,
21725	,
21745	,
21746	,
21750	,
21751	,
21765	,
21770	,
21780	,
21800	,
21803	,
21808	,
21813	,
21820	,
21821	,
21825	,
21826	,
21840	,
21845	,
21855	,
21860	,
21861	,
21865	,
21866	,
21880	,
21885	,
21886	,
21891	,
21902	,
21913	,
21918	,
21919	,
21924	,
21931	,
21932	,
21965	,
21995	,
21996	,
22000	,
22001	,
22002	,
22005	,
22006	,
22007	,
22008	,
22009	,
22010	,
22011	,
22012	,
22013	,
22014	,
22015	,
22016	,
22017	,
22018	,
22019	,
22020	,
22021	,
22022	,
22025	,
22027	,
22030	,
22031	,
22032	,
22035	,
22036	,
22037	,
22040	,
22041	,
22042	,
22051	,
22055	,
22060	,
22062	,
22063	,
22125	,
22126	,
22130	,
22131	,
22145	,
22150	,
22151	,
22160	,
22161	,
22162	,
22164	,
22165	,
22166	,
22167	,
22168	,
22169	,
22174	,
22175	,
22176	,
22177	,
22178	,
22179	,
22192	,
22193	,
22194	,
22195	,
22196	,
22208	,
22210	,
22213	,
22215	,
22218	,
22220	,
22223	,
22225	,
22228	,
22230	,
22233	,
22238	,
22240	,
22243	,
22245	,
22248	,
22250	,
22253	,
22258	,
22260	,
22263	,
22265	,
22266	,
22268	,
22273	,
22275	,
22278	,
22280	,
22283	,
22284	,
22285	,
22286	,
22288	,
22293	,
22295	,
22296	,
22298	,
22300	,
22301	,
22303	,
22308	,
22309	,
22313	,
22314	,
22315	,
22318	,
22319	,
22320	,
22321	,
22324	,
22328	,
22329	,
22330	,
22331	,
22333	,
22335	,
22336	,
22338	,
22340	,
22343	,
22345	,
22348	,
22350	,
22353	,
22355	,
22358	,
22360	,
22361	,
22363	,
22365	,
22368	,
22370	,
22375	,
22376	,
22377	,
22378	,
22380	,
22381	,
22382	,
22383	,
22385	,
22386	,
22387	,
22388	,
22389	,
22390	,
22391	,
22393	,
22394	,
22395	,
22396	,
22400	,
22401	,
22402	,
22403	,
22404	,
22405	,
22406	,
22410	,
22411	,
22413	,
22414	,
22415	,
22416	,
22418	,
22420	,
22421	,
22423	,
22425	,
22426	,
22427	,
22428	,
22430	,
22433	,
22434	,
22437	,
22444	,
22450	,
22454	,
22455	,
22459	,
22460	,
22464	,
22470	,
22471	,
22475	,
22490	,
22500	,
22515	,
22518	,
22523	,
22525	,
22528	,
22545	,
22546	,
22555	,
22557	,
22565	,
22570	,
22585	,
22600	,
22630	,
22650	,
22685	,
22686	,
22687	,
22688	,
22689	,
22700	,
22705	,
22715	,
22720	,
22735	,
22750	,
22780	,
22800	,
22837	,
22845	,
22849	,
22850	,
22855	,
22860	,
22865	,
22870	,
22875	,
22876	,
22877	,
22878	,
22879	,
22880	,
22881	,
22882	,
22890	,
22895	,
22940	,
22945	,
22950	,
22955	,
22960	,
22965	,
22970	,
22972	,
22975	,
22976	,
22991	,
22992	,
22995	,
23000	,
23005	,
23010	,
23011	,
23015	,
23016	,
23017	,
23020	,
23021	,
23022	,
23023	,
23024	,
23027	,
23028	,
23029	,
23031	,
23032	,
23033	,
23037	,
23042	,
23043	,
23044	,
23046	,
23047	,
23048	,
23051	,
23052	,
23056	,
23057	,
23058	,
23059	,
23061	,
23062	,
23063	,
23066	,
23067	,
23071	,
23072	,
23073	,
23074	,
23076	,
23077	,
23078	,
23081	,
23082	,
23086	,
23087	,
23088	,
23089	,
23091	,
23092	,
23093	,
23096	,
23097	,
23100	,
23101	,
23102	,
23103	,
23104	,
23106	,
23107	,
23108	,
23109	,
23111	,
23112	,
23113	,
23114	,
23116	,
23118	,
23119	,
23120	,
23121	,
23123	,
23124	,
23129	,
23133	,
23139	,
23142	,
23162	,
23164	,
23165	,
23167	,
23172	,
23173	,
23174	,
23178	,
23179	,
23183	,
23184	,
23188	,
23189	,
23193	,
23194	,
23197	,
23198	,
23202	,
23212	,
23217	,
23227	,
23228	,
23229	,
23232	,
23240	,
23241	,
23243	,
23244	,
23246	,
23368	,
23369	,
23371	,
23373	,
23374	,
23375	,
23377	,
23379	,
23382	,
23383	,
23388	,
23389	,
23392	,
23394	,
23397	,
23398	,
23403	,
23404	,
23407	,
23409	,
23412	,
23413	,
23418	,
23419	,
23422	,
23424	,
23427	,
23428	,
23433	,
23434	,
23437	,
23439	,
23442	,
23443	,
23448	,
23449	,
23450	,
23452	,
23454	,
23457	,
23458	,
23463	,
23464	,
23467	,
23469	,
23472	,
23473	,
23478	,
23479	,
23480	,
23481	,
23484	,
23487	,
23488	,
23493	,
23494	,
23497	,
23498	,
23504	,
23505	,
23508	,
23510	,
23513	,
23529	,
23533	,
23535	,
23536	,
23537	,
23538	,
23545	,
23550	,
23552	,
23563	,
23564	,
23565	,
23573	,
23574	,
23575	,
23577	,
23588	,
23589	,
23590	,
23591	,
23601	,
23610	,
23611	,
23621	,
23631	,
23641	,
23651	,
23662	,
23664	,
23665	,
23667	,
23690	,
23691	,
23692	,
23693	,
23695	,
23696	,
23707	,
23708	,
23709	,
23710	,
23711	,
23717	,
23730	,
23735	,
23737	,
23742	,
23890	,
23895	,
23940	,
23945	,
23960	,
23965	,
23980	,
23985	,
24005	,
24011	,
24015	,
24025	,
24035	,
24040	,
24045	,
24050	,
24055	,
24059	,
24060	,
24061	,
24064	,
24070	,
24074	,
24075	,
24100	,
24101	,
24102	,
24106	,
24107	,
24108	,
24109	,
24110	,
24111	,
24112	,
24117	,
24120	,
24121	,
24125	,
24126	,
24130	,
24131	,
24137	,
24141	,
24145	,
24210	,
24227	,
24228	,
24231	,
24235	,
24236	,
24238	,
24239	,
24245	,
24247	,
24257	,
24279	,
24283	,
24284	,
24295	,
24305	,
24310	,
24315	,
24331	,
24332	,
24335	,
24336	,
24340	,
24341	,
24342	,
24345	,
24346	,
24347	,
24350	,
24355	,
24365	,
24367	,
24370	,
24372	,
24375	,
24376	,
24377	,
24380	,
24400	,
24405	,
24406	,
24410	,
24411	,
24415	,
24416	,
24420	,
24421	,
24425	,
24426	,
24430	,
24431	,
24435	,
24436	,
24470	,
24471	,
24475	,
24476	,
24480	,
24481	,
24485	,
24486	,
24490	,
24491	,
24495	,
24496	,
24507	,
24509	,
24516	,
24521	,
24527	,
24531	,
24536	,
24541	,
24560	,
24565	,
24570	,
24575	,
24595	,
24600	,
24601	,
24605	,
24606	,
24610	,
24615	,
24620	,
24625	,
24627	,
24632	,
24633	,
24634	,
24637	,
24641	,
24645	,
24646	,
24655	,
24660	,
24670	,
24675	,
24685	,
24690	,
24700	,
24705	,
24715	,
24720	,
24730	,
24735	,
24745	,
24747	,
24885	,
24895	,
24900	,
24910	,
24915	,
24925	,
24930	,
24940	,
24945	,
24955	,
24960	,
24970	,
24975	,
24996	,
25000	,
25020	,
25021	,
25030	,
25034	,
25035	,
25075	,
25080	,
25087	,
25100	,
25151	,
25152	,
25206	,
25207	,
25260	,
25280	,
25290	,
25295	,
25300	,
25322	,
25335	,
25340	,
25360	,
25385	,
25390	,
25410	,
25420	,
25425	,
25435	,
25445	,
25465	,
25470	,
25490	,
25520	,
25540	,
25550	,
25555	,
25565	,
25575	,
25595	,
25600	,
25610	,
25620	,
25626	,
25631	,
25632	,
25634	,
25650	,
25670	,
25680	,
25685	,
25695	,
25725	,
25727	,
25730	,
25750	,
25801	,
25802	,
25910	,
25930	,
25945	,
25985	,
26010	,
26040	,
26060	,
26070	,
26075	,
26080	,
26081	,
26082	,
26085	,
26086	,
26087	,
26090	,
26091	,
26095	,
26096	,
26100	,
26101	,
26105	,
26106	,
26115	,
26120	,
26140	,
26170	,
26190	,
26200	,
26205	,
26210	,
26211	,
26215	,
26220	,
26230	,
26235	,
26245	,
26250	,
26270	,
26305	,
26330	,
26345	,
26346	,
26347	,
26349	,
26352	,
26353	,
26354	,
26356	,
26357	,
26358	,
26359	,
26362	,
26366	,
26367	,
26382	,
26386	,
26387	,
26396	,
26397	,
26480	,
26481	,
26487	,
26500	,
26501	,
26505	,
26507	,
26520	,
26521	,
26525	,
26527	,
26540	,
26541	,
26547	,
26556	,
26560	,
26561	,
26590	,
26600	,
26651	,
26660	,
26700	,
26710	,
26720	,
26725	,
26726	,
26730	,
26731	,
26760	,
26765	,
26785	,
26821	,
26822	,
26835	,
26836	,
26840	,
26841	,
26845	,
26846	,
26920	,
26930	,
26940	,
26950	,
26951	,
26980	,
26985	,
27000	,
27004	,
27005	,
27030	,
27040	,
27050	,
27090	,
27095	,
27115	,
27140	,
27141	,
27150	,
27160	,
27170	,
27171	,
27172	,
27200	,
27205	,
27225	,
27226	,
27230	,
27255	,
27257	,
27261	,
27300	,
27315	,
27316	,
27317	,
27320	,
27321	,
27325	,
27326	,
27327	,
27330	,
27331	,
27335	,
27336	,
27337	,
27340	,
27341	,
27350	,
27351	,
27352	,
27355	,
27356	,
27366	,
27367	,
27396	,
27400	,
27401	,
27404	,
27405	,
27407	,
27408	,
27409	,
27411	,
27415	,
27418	,
27419	,
27422	,
27431	,
27435	,
27436	,
27437	,
27438	,
27439	,
27441	,
27445	,
27446	,
27451	,
27466	,
27470	,
27475	,
27479	,
27480	,
27485	,
27487	,
27490	,
27495	,
27496	,
27500	,
27501	,
27505	,
27506	,
27510	,
27515	,
27555	,
27560	,
27565	,
27566	,
27567	,
27570	,
27575	,
27580	,
27585	,
27590	,
27591	,
27592	,
27594	,
27595	,
27596	,
27597	,
27598	,
27600	,
27603	,
27604	,
27605	,
27608	,
27615	,
27616	,
27617	,
27635	,
27637	,
27638	,
27640	,
27641	,
27642	,
27646	,
27650	,
27651	,
27652	,
27656	,
27660	,
27661	,
27662	,
27666	,
27670	,
27671	,
27672	,
27676	,
27680	,
27681	,
27682	,
27686	,
27690	,
27691	,
27692	,
27696	,
27700	,
27702	,
27727	,
27751	,
27760	,
27761	,
27762	,
27765	,
27766	,
27770	,
27771	,
27772	,
27787	,
27796	,
27800	,
27810	,
27822	,
27825	,
27835	,
27855	,
27857	,
27859	,
27860	,
27861	,
27862	,
27869	,
27870	,
27872	,
27873	,
27874	,
27875	,
27876	,
27882	,
28000	,
28005	,
28007	,
28010	,
28015	,
28017	,
28018	,
28020	,
28025	,
28030	,
28035	,
28040	,
28045	,
28051	,
28078	,
28085	,
28086	,
28088	,
28089	,
28090	,
28091	,
28092	,
28093	,
28094	,
28100	,
28101	,
28103	,
28106	,
28110	,
28120	,
28121	,
28130	,
28131	,
28140	,
28150	,
28286	,
28287	,
28294	,
28299	,
28300	,
28301	,
28304	,
28310	,
28311	,
28312	,
28313	,
28320	,
28330	,
28400	,
28401	,
28402	,
28405	,
28410	,
28411	,
28412	,
28420	,
28435	,
28455	,
28457	,
28458	,
28461	,
28466	,
28471	,
28476	,
28481	,
28485	,
28486	,
28508	,
28755	,
28770	,
28815	,
28816	,
28820	,
28950	,
28965	,
29010	,
29011	,
29015	,
29030	,
29075	,
29080	,
29145	,
29148	,
29160	,
29163	,
29165	,
29168	,
29175	,
29180	,
29190	,
29195	,
29200	,
29205	,
29210	,
29220	,
29225	,
29230	,
29235	,
29240	,
29250	,
29255	,
29260	,
29265	,
29266	,
29267	,
29270	,
29271	,
29280	,
29281	,
29282	,
29287	,
29352	,
29380	,
29381	,
29387	,
29396	,
29397	,
29425	,
29435	,
29470	,
29580	,
29595	,
29600	,
29605	,
29610	,
29611	,
29615	,
29617	,
29618	,
29621	,
29647	,
29651	,
29655	,
29656	,
29657	,
29675	,
29690	,
29691	,
29705	,
29730	,
29731	,
29735	,
29755	,
29756	,
29760	,
29761	,
29765	,
29766	,
29767	,
29781	,
29782	,
29785	,
29786	,
29787	,
29790	,
29791	,
29797	,
29800	,
29802	,
29823	,
29824	,
29825	,
29826	,
29831	,
29833	,
29834	,
29841	,
29851	,
30101	,
30106	,
30130	,
30131	,
30135	,
30140	,
30141	,
30142	,
30145	,
30146	,
30345	,
30346	,
30347	,
30348	,
30350	,
30351	,
30354	,
30355	,
30356	,
30360	,
30361	,
30362	,
30365	,
30366	,
30370	,
30371	,
30372	,
30375	,
30376	,
30386	,
30387	,
30388	,
30390	,
30428	,
30429	,
30492	,
30493	,
30590	,
30592	,
30604	,
30831	,
30835	,
30865	,
31044	,
31073	,
31074	,
31083	,
31084	,
31150	,
31151	,
31152	,
31153	,
31154	,
31155	,
31156	,
31157	,
31158	,
31159	,
31160	,
31161	,
31162	,
31163	,
31165	,
31166	,
31167	,
31170	,
31171	,
31172	,
31175	,
31176	,
31177	,
31185	,
31186	,
31187	,
31190	,
31192	,
31193	,
31194	,
31195	,
31196	,
31197	,
31199	,
31201	,
31202	,
31205	,
31206	,
31208	,
31209	,
31210	,
31211	,
31212	,
31213	,
31214	,
31215	,
31217	,
31218	,
31220	,
31221	,
31222	,
31226	,
31227	,
31230	,
31231	,
31235	,
31236	,
31237	,
31240	,
31242	,
31245	,
31246	,
31247	,
31251	,
31252	,
31255	,
31256	,
31260	,
31261	,
31262	,
31263	,
31264	,
31265	,
31267	,
31268	,
31269	,
31270	,
31271	,
31272	,
31274	,
31276	,
31277	,
31278	,
31279	,
31280	,
31281	,
31283	,
31285	,
31286	,
31287	,
31290	,
31292	,
31295	,
31296	,
31297	,
31301	,
31302	,
31305	,
31306	,
31310	,
31311	,
31312	,
31315	,
31435	,
31450	,
31451	,
31452	,
31453	,
31454	,
31556	,
31620	,
31660	,
31661	,
31662	,
31663	,
31664	,
31665	,
31667	,
31700	,
31731	,
31900	,
31901	,
31902	,
31903	,
31904	)